m1 = 100;
k1 = 50;
b = 50;
f = 10;
m2 = 20;
k2 = 20;



