m1 = 100;
k1 = 50;
b = 50;
f = 10;
m2 = 25;
k2 = 10;



